SampleID: 0
T_cam_target: 1 0 0 0.7 0 1 0 0 0 0 1 -0.5 0 0 0 1
T_base_ee:    1 0 0 0.3 0 1 0 0 0 0 1 0.4 0 0 0 1
---
SampleID: 1
T_cam_target: 0.994208 0.0590102 -0.0898205 0.738793 -0.0397896 0.978489 0.202423 -0.1775 0.0998334 -0.197677 0.97517 -0.456565 0 0 0 1
T_base_ee:    0.994208 -0.0397896 0.0998334 0.29402 0.0590102 0.978489 -0.197677 0.0596008 -0.0898205 0.202423 0.97517 0.45 0 0 0 1
---
SampleID: 2
T_cam_target: 0.976932 0.150724 -0.151281 0.76502 -0.0783217 0.911933 0.402796 -0.364615 0.198669 -0.381656 0.902701 -0.36299 0 0 0 1
T_base_ee:    0.976932 -0.0783217 0.198669 0.276318 0.150724 0.911933 -0.381656 0.116826 -0.151281 0.402796 0.902701 0.5 0 0 0 1
---
SampleID: 3
T_cam_target: 0.948466 0.264466 -0.174555 0.764832 -0.114365 0.799425 0.58978 -0.545844 0.29552 -0.539424 0.788473 -0.219937 0 0 0 1
T_base_ee:    0.948466 -0.114365 0.29552 0.247601 0.264466 0.799425 -0.539424 0.169393 -0.174555 0.58978 0.788473 0.55 0 0 0 1
---
SampleID: 4
T_cam_target: 0.909297 0.386782 -0.153557 0.728139 -0.146742 0.643302 0.751418 -0.705365 0.389418 -0.660729 0.641709 -0.0348071 0 0 0 1
T_base_ee:    0.909297 -0.146742 0.389418 0.209012 0.386782 0.643302 -0.660729 0.215207 -0.153557 0.751418 0.641709 0.6 0 0 0 1
---
SampleID: 5
T_cam_target: 0.860089 0.502723 -0.0866968 0.650122 -0.174349 0.449385 0.87616 -0.829036 0.479426 -0.73846 0.47416 0.179929 0 0 0 1
T_base_ee:    0.860089 -0.174349 0.479426 0.162091 0.502723 0.449385 -0.73846 0.252441 -0.0866968 0.87616 0.47416 0.65 0 0 0 1
---
SampleID: 6
T_cam_target: 0.80168 0.597318 0.0228099 0.531547 -0.196184 0.226876 0.95396 -0.906067 0.564642 -0.769245 0.299067 0.409005 0 0 0 1
T_base_ee:    0.80168 -0.196184 0.564642 0.108707 0.597318 0.226876 -0.769245 0.279612 0.0228099 0.95396 0.299067 0.7 0 0 0 1
---
SampleID: 7
T_cam_target: 0.735056 0.657092 0.167103 0.377989 -0.211368 -0.0120949 0.977332 -0.930014 0.644218 -0.753714 0.129998 0.636694 0 0 0 1
T_base_ee:    0.735056 -0.211368 0.644218 0.0509901 0.657092 -0.0120949 -0.753714 0.295635 0.167103 0.977332 0.129998 0.75 0 0 0 1
---
SampleID: 8
T_cam_target: 0.661339 0.671464 0.334316 0.198326 -0.219161 -0.253277 0.942242 -0.898923 0.717356 -0.69641 -0.0203435 0.848749 0 0 0 1
T_base_ee:    0.661339 -0.219161 0.717356 -0.00875986 0.671464 -0.253277 -0.69641 0.299872 0.334316 0.942242 -0.0203435 0.8 0 0 0 1
---
SampleID: 9
T_cam_target: 0.581763 0.633903 0.509626 0.00303628 -0.218977 -0.481367 0.848725 -0.814686 0.783327 -0.605353 -0.141231 1.03362 0 0 0 1
T_base_ee:    0.581763 -0.218977 0.783327 -0.0681606 0.633903 -0.481367 -0.605353 0.292154 0.509626 0.848725 -0.141231 0.85 0 0 0 1
---
SampleID: 10
T_cam_target: 0.497651 0.542692 0.67663 -0.197227 -0.210404 -0.681259 0.701154 -0.681869 0.841471 -0.491295 -0.224845 1.1829 0 0 0 1
T_base_ee:    0.497651 -0.210404 0.841471 -0.124844 0.542692 -0.681259 -0.491295 0.272789 0.67663 0.701154 -0.224845 0.9 0 0 0 1
---
SampleID: 11
T_cam_target: 0.410392 0.401242 0.818892 -0.392421 -0.193204 -0.839353 0.508093 -0.506419 0.891207 -0.366731 -0.266942 1.2911 0 0 0 1
T_base_ee:    0.410392 -0.193204 0.891207 -0.17655 0.401242 -0.839353 -0.366731 0.242549 0.818892 0.508093 -0.266942 0.95 0 0 0 1
---
SampleID: 12
T_cam_target: 0.321409 0.217902 0.921528 -0.573173 -0.167329 -0.944781 0.281761 -0.294657 0.932039 -0.244759 -0.2672 1.35502 0 0 0 1
T_base_ee:    0.321409 -0.167329 0.932039 -0.221218 0.217902 -0.944781 -0.244759 0.202639 0.921528 0.281761 -0.2672 1 0 0 0 1
---
SampleID: 13
T_cam_target: 0.232141 0.00528829 0.972668 -0.730303 -0.132915 -0.990433 0.0371068 -0.0528742 0.963558 -0.137896 -0.229217 1.37326 0 0 0 1
T_base_ee:    0.232141 -0.132915 0.963558 -0.257067 0.00528829 -0.990433 -0.137896 0.15465 0.972668 0.0371068 -0.229217 1.05 0 0 0 1
---
SampleID: 14
T_cam_target: 0.144006 -0.220805 0.964628 -0.85419 -0.0902842 -0.973655 -0.209393 0.212376 0.98545 -0.056937 -0.160147 1.34589 0 0 0 1
T_base_ee:    0.144006 -0.0902842 0.98545 -0.282667 -0.220805 -0.973655 -0.056937 0.100496 0.964628 -0.209393 -0.160147 1.1 0 0 0 1
---
SampleID: 15
T_cam_target: 0.0583819 -0.442812 0.894712 -0.93445 -0.0399412 -0.896559 -0.44112 0.493441 0.997495 -0.00998243 -0.0700293 1.27471 0 0 0 1
T_base_ee:    0.0583819 -0.0399412 0.997495 -0.296998 -0.442812 -0.896559 -0.00998243 0.042336 0.894712 -0.44112 -0.0700293 1.15 0 0 0 1
---
SampleID: 16
T_cam_target: -0.0234208 -0.642979 0.765526 -0.960326 0.0174378 -0.765882 -0.642745 0.780541 0.999574 -0.0017045 0.0291497 1.16392 0 0 0 1
T_base_ee:    -0.0234208 0.0174378 0.999574 -0.299488 -0.642979 -0.765882 -0.0017045 -0.0175122 0.765526 -0.642745 0.0291497 1.2 0 0 0 1
---
SampleID: 17
T_cam_target: -0.100186 -0.804962 0.584807 -0.921963 0.0810165 -0.592413 -0.801551 1.06104 0.991665 -0.0329251 0.124567 1.02105 0 0 0 1
T_base_ee:    -0.100186 0.0810165 0.991665 -0.290039 -0.804962 -0.592413 -0.0329251 -0.0766623 0.584807 -0.801551 0.124567 1.25 0 0 0 1
---
SampleID: 18
T_cam_target: -0.170812 -0.915298 0.364765 -0.812471 0.149814 -0.390028 -0.908534 1.31943 0.973848 -0.100542 0.203745 0.857623 0 0 0 1
T_base_ee:    -0.170812 0.149814 0.973848 -0.269028 -0.915298 -0.390028 -0.100542 -0.132756 0.364765 -0.908534 0.203745 1.3 0 0 0 1
---
SampleID: 19
T_cam_target: -0.234332 -0.964596 0.121013 -0.630362 0.222721 -0.174436 -0.959149 1.5384 0.9463 -0.197807 0.255712 0.689328 0 0 0 1
T_base_ee:    -0.234332 0.222721 0.9463 -0.23729 -0.964596 -0.174436 -0.197807 -0.183557 0.121013 -0.959149 0.255712 1.35 0 0 0 1
---
SampleID: 20
T_cam_target: -0.289932 -0.94834 -0.128805 -0.381771 0.298525 0.0382568 -0.953635 1.70084 0.909297 -0.314941 0.272012 0.535284 0 0 0 1
T_base_ee:    -0.289932 0.298525 0.909297 -0.196093 -0.94834 0.0382568 -0.314941 -0.227041 -0.128805 -0.953635 0.272012 1.4 0 0 0 1
---
SampleID: 21
T_cam_target: -0.336966 -0.867237 -0.366544 -0.0817961 0.37593 0.233003 -0.896876 1.79262 0.863209 -0.440012 0.247506 0.416234 0 0 0 1
T_base_ee:    -0.336966 0.37593 0.863209 -0.147078 -0.867237 0.233003 -0.440012 -0.261473 -0.366544 -0.896876 0.247506 1.45 0 0 0 1
---
SampleID: 22
T_cam_target: -0.374964 -0.727076 -0.575119 0.245576 0.453581 0.397163 -0.797826 1.80552 0.808496 -0.560019 0.180866 0.351867 0 0 0 1
T_base_ee:    -0.374964 0.453581 0.808496 -0.0921999 -0.727076 0.397163 -0.560019 -0.285481 -0.575119 -0.797826 0.180866 1.5 0 0 0 1
---
SampleID: 23
T_cam_target: -0.403643 -0.538142 -0.739916 0.569221 0.53009 0.521597 -0.668536 1.73965 0.745705 -0.662072 0.0747245 0.357603 0 0 0 1
T_base_ee:    -0.403643 0.53009 0.745705 -0.0336458 -0.538142 0.521597 -0.662072 -0.298107 -0.739916 -0.668536 0.0747245 1.55 0 0 0 1
---
SampleID: 24
T_cam_target: -0.42291 -0.314227 -0.849946 0.854198 0.604067 0.601394 -0.522904 1.60458 0.675463 -0.734566 -0.0645212 0.441442 0 0 0 1
T_base_ee:    -0.42291 0.604067 0.675463 0.0262497 -0.314227 0.601394 -0.734566 -0.298849 -0.849946 -0.522904 -0.0645212 1.6 0 0 0 1
---
SampleID: 25
T_cam_target: -0.43286 -0.0713803 -0.898631 1.06618 0.674139 0.636175 -0.375258 1.41896 0.598472 -0.768236 -0.227254 0.601508 0 0 0 1
T_base_ee:    -0.43286 0.674139 0.598472 0.0850987 -0.0713803 0.636175 -0.768236 -0.287677 -0.898631 -0.375258 -0.227254 1.65 0 0 0 1
---
SampleID: 26
T_cam_target: -0.433774 0.173507 -0.884158 1.17625 0.738984 0.629931 -0.238934 1.20826 0.515501 -0.757022 -0.401467 0.8249 0 0 0 1
T_base_ee:    -0.433774 0.738984 0.515501 0.140555 0.173507 0.629931 -0.757022 -0.265036 -0.884158 -0.238934 -0.401467 1.7 0 0 0 1
---
SampleID: 27
T_cam_target: -0.426115 0.40411 -0.809396 1.16515 0.797353 0.590428 -0.12499 1.00114 0.42738 -0.698635 -0.573808 1.0882 0 0 0 1
T_base_ee:    -0.426115 0.797353 0.42738 0.190408 0.40411 0.590428 -0.698635 -0.231829 -0.809396 -0.12499 -0.573808 1.75 0 0 0 1
---
SampleID: 28
T_cam_target: -0.41051 0.605955 -0.681396 1.02627 0.848095 0.528242 -0.0411809 0.824933 0.334988 -0.594794 -0.730755 1.35976 0 0 0 1
T_base_ee:    -0.41051 0.848095 0.334988 0.23267 0.605955 0.528242 -0.594794 -0.18938 -0.681396 -0.0411809 -0.730755 1.8 0 0 0 1
---
SampleID: 29
T_cam_target: -0.387742 0.767458 -0.510553 0.766755 0.890177 0.455531 0.00869985 0.701094 0.239249 -0.451109 -0.859802 1.60345 0 0 0 1
T_base_ee:    -0.387742 0.890177 0.239249 0.265656 0.767458 0.455531 -0.451109 -0.139381 -0.510553 0.00869985 -0.859802 1.85 0 0 0 1
---
SampleID: 30
T_cam_target: -0.358731 0.880628 -0.309525 0.406518 0.922712 0.384676 0.0250422 0.641589 0.14112 -0.276619 -0.950561 1.78335 0 0 0 1
T_base_ee:    -0.358731 0.922712 0.14112 0.288051 0.880628 0.384676 -0.276619 -0.0838246 -0.309525 0.0250422 -0.950561 1.9 0 0 0 1
---
SampleID: 31
T_cam_target: -0.324515 0.941391 -0.0920432 -0.0245473 0.944966 0.326941 0.0122032 0.64681 0.0415807 -0.0830175 -0.99568 1.86866 0 0 0 1
T_base_ee:    -0.324515 0.944966 0.0415807 0.298963 0.941391 0.326941 -0.0830175 -0.0249268 -0.0920432 0.0122032 -0.99568 1.95 0 0 0 1
---
SampleID: 32
T_cam_target: -0.286226 0.949536 0.128279 -0.490701 0.956382 0.291279 -0.0221258 0.70549 -0.0583741 0.11635 -0.991491 1.83793 0 0 0 1
T_base_ee:    -0.286226 0.956382 -0.0583741 0.297955 0.949536 0.291279 0.11635 0.0349648 0.128279 -0.0221258 -0.991491 2 0 0 0 1
---
SampleID: 33
T_cam_target: -0.245068 0.908308 0.338995 -0.955039 0.956587 0.283431 -0.0678887 0.796574 -0.157746 0.307641 -0.938335 1.68206 0 0 0 1
T_base_ee:    -0.245068 0.956587 -0.157746 0.28507 0.908308 0.283431 0.307641 0.0934624 0.338995 -0.0678887 -0.938335 2.05 0 0 0 1
---
SampleID: 34
T_cam_target: -0.202292 0.823733 0.529662 -1.38393 0.945398 0.305383 -0.113861 0.892661 -0.255541 0.477708 -0.840532 1.40541 0 0 0 1
T_base_ee:    -0.202292 0.945398 -0.255541 0.260819 0.823733 0.305383 0.477708 0.148234 0.529662 -0.113861 -0.840532 2.1 0 0 0 1
---
SampleID: 35
T_cam_target: -0.159167 0.703762 0.692376 -1.75049 0.922831 0.355245 -0.148942 0.964322 -0.350783 0.615239 -0.705997 1.02519 0 0 0 1
T_base_ee:    -0.159167 0.922831 -0.350783 0.226171 0.703762 0.355245 0.615239 0.197096 0.692376 -0.148942 -0.705997 2.15 0 0 0 1
---
SampleID: 36
T_cam_target: -0.116959 0.557348 0.822 -2.03672 0.889099 0.427558 -0.163395 0.984501 -0.44252 0.711728 -0.545544 0.568976 0 0 0 1
T_base_ee:    -0.116959 0.889099 -0.44252 0.182505 0.557348 0.427558 0.711728 0.2381 0.822 -0.163395 -0.545544 2.2 0 0 0 1
---
SampleID: 37
T_cam_target: -0.0768986 0.393566 0.916074 -2.23406 0.844607 0.51397 -0.149914 0.93222 -0.529836 0.762194 -0.371932 0.0712213 0 0 0 1
T_base_ee:    -0.0768986 0.844607 -0.529836 0.131564 0.393566 0.51397 0.762194 0.269612 0.916074 -0.149914 -0.371932 2.25 0 0 0 1
---
SampleID: 38
T_cam_target: -0.040161 0.220866 0.974477 -2.34256 0.789947 0.604223 -0.104391 0.795051 -0.611858 0.765593 -0.198738 -0.430949 0 0 0 1
T_base_ee:    -0.040161 0.789947 -0.611858 0.075378 0.220866 0.604223 0.765593 0.290376 0.974477 -0.104391 -0.198738 2.3 0 0 0 1
---
SampleID: 39
T_cam_target: -0.00783725 0.0465379 0.998886 -2.36903 0.72589 0.687307 -0.0263262 0.570115 -0.687766 0.724875 -0.039168 -0.901734 0 0 0 1
T_base_ee:    -0.00783725 0.72589 -0.687766 0.0161866 0.0465379 0.687307 0.724875 0.299563 0.998886 -0.0263262 -0.039168 2.35 0 0 0 1
---
SampleID: 40
T_cam_target: 0.0190861 -0.123575 0.992152 -2.32457 0.653365 0.752678 0.081179 0.263654 -0.756802 0.646688 0.0951052 -1.31003 0 0 0 1
T_base_ee:    0.0190861 0.653365 -0.756802 -0.04365 -0.123575 0.752678 0.646688 0.296807 0.992152 0.081179 0.0951052 2.4 0 0 0 1
---
SampleID: 41
T_cam_target: 0.0397482 -0.285114 0.957669 -2.22203 0.573448 0.791388 0.211808 -0.110481 -0.818277 0.540754 0.194954 -1.63178 0 0 0 1
T_base_ee:    0.0397482 0.573448 -0.818277 -0.101746 -0.285114 0.791388 0.540754 0.282219 0.957669 0.211808 0.194954 2.45 0 0 0 1
---
SampleID: 42
T_cam_target: 0.0534319 -0.435017 0.898836 -2.0738 0.48734 0.797006 0.356763 -0.532983 -0.871576 0.418976 0.254587 -1.85124 0 0 0 1
T_base_ee:    0.0534319 0.48734 -0.871576 -0.155787 -0.435017 0.797006 0.418976 0.25638 0.898836 0.356763 0.254587 2.5 0 0 0 1
---
SampleID: 43
T_cam_target: 0.0595791 -0.571163 0.818672 -1.89006 0.396346 0.766247 0.505743 -0.981415 -0.916166 0.294346 0.27203 -1.96124 0 0 0 1
T_base_ee:    0.0595791 0.396346 -0.916166 -0.203616 -0.571163 0.766247 0.294346 0.220319 0.818672 0.505743 0.27203 2.55 0 0 0 1
---
SampleID: 44
T_cam_target: 0.0578022 -0.691933 0.719644 -1.67779 0.301848 0.699223 0.648054 -1.43234 -0.951602 0.179764 0.249276 -1.96281 0 0 0 1
T_base_ee:    0.0578022 0.301848 -0.951602 -0.243328 -0.691933 0.699223 0.179764 0.175475 0.719644 0.648054 0.249276 2.6 0 0 0 1
---
SampleID: 45
T_cam_target: 0.0478932 -0.795772 0.6037 -1.44043 0.205283 0.599333 0.77373 -1.86309 -0.97753 0.0868728 0.192062 -1.86443 0 0 0 1
T_base_ee:    0.0478932 0.205283 -0.97753 -0.273339 -0.795772 0.599333 0.0868728 0.123636 0.6037 0.77373 0.192062 2.65 0 0 0 1
---
SampleID: 46
T_cam_target: 0.0298285 -0.880826 0.4725 -1.1783 0.108113 0.47278 0.874523 -2.25309 -0.993691 0.0249977 0.109331 -1.68116 0 0 0 1
T_base_ee:    0.0298285 0.108113 -0.993691 -0.292453 -0.880826 0.47278 0.0249977 0.066867 0.4725 0.874523 0.109331 2.7 0 0 0 1
---
SampleID: 47
T_cam_target: 0.00376987 -0.944745 0.327784 -0.889483 0.0118011 0.327805 0.944672 -2.58494 -0.999923 0.000306934 0.0123849 -1.43387 0 0 0 1
T_base_ee:    0.00376987 0.0118011 -0.999923 -0.299908 -0.944745 0.327805 0.000306934 0.00743263 0.327784 0.944672 0.0123849 2.75 0 0 0 1
---
SampleID: 48
T_cam_target: -0.0299377 -0.984675 0.171813 -0.571355 -0.082218 0.173733 0.981355 -2.84521 -0.996165 0.0152534 -0.0861592 -1.14839 0 0 0 1
T_base_ee:    -0.0299377 -0.082218 -0.996165 -0.295406 -0.984675 0.173733 0.0152534 -0.052298 0.171813 0.981355 -0.0861592 2.8 0 0 0 1
---
SampleID: 49
T_cam_target: -0.0707724 -0.997462 0.00778604 -0.222382 -0.172563 0.019931 0.984797 -3.02521 -0.982453 0.0683529 -0.173536 -0.85459 0 0 0 1
T_base_ee:    -0.0707724 -0.172563 -0.982453 -0.279128 -0.997462 0.019931 0.0683529 -0.109944 0.00778604 0.984797 -0.173536 2.85 0 0 0 1
---
